action,action_description
Send message,This Action will post a message to LINE.
